523,70
568,50
591,93
541,112
545,120
595,99
636,179
547,181
544,185
580,185
577,223
542,227
582,188
622,185
643,220
580,225
586,240
601,238
626,244
623,267
588,259
576,275
600,268
612,287
596,308
576,298
565,305
605,321
592,346
557,340
620,278
653,289
644,317
611,308
668,286
683,301
674,336
646,331
549,392
624,391
609,446
547,446
550,451
602,451
595,489
545,474
502,141
537,123
538,173
500,176
497,190
540,190
535,226
499,228
497,252
528,253
535,268
501,268
501,275
536,276
535,283
499,284
500,292
530,293
531,300
500,301
500,306
536,308
528,325
500,326
501,350
538,345
538,386
502,384
502,395
536,391
537,468
499,455
433,107
473,86
481,101
441,118
439,126
483,107
492,137
454,154
451,162
493,146
493,179
454,181
451,193
490,191
492,224
452,227
453,249
495,249
492,268
455,268
451,273
490,272
493,283
450,284
452,291
494,293
494,301
453,303
453,304
453,304
495,309
495,324
451,328
453,348
491,349
494,383
493,383
456,387
453,393
488,394
491,406
456,407
454,414
493,414
487,454
455,439
408,191
444,190
444,225
412,227
410,251
443,249
445,259
411,261
409,267
444,267
445,302
412,302
408,317
445,315
447,326
412,330
409,351
447,349
448,382
408,388
412,397
446,395
448,436
415,422
362,114
390,100
403,123
368,129
358,191
402,193
405,222
360,224
382,249
401,252
402,262
384,262
383,311
400,311
406,326
387,326
361,349
402,348
401,380
362,384
359,393
402,394
402,430
354,416
322,269
347,267
359,246
375,246
378,326
335,319
339,304
343,290
107,244
257,179
296,236
269,261
285,306
227,354
